641,89758
716,58233
6172,38342
6683,6685, 6691, 6694, 6697, 6699, 6708, 6711
6685,6691, 6694, 6697, 6699, 6708, 6711
6691,6694, 6697, 6699, 6708, 6711
6694,6697, 6699, 6708, 6711
6697,6699, 6708, 6711
6699,6708, 6711
6708,6711
7856,7860
8103,8105
8110,90156
8811,10347
9307,12985
9411,60401
9766,16312, 16941
9868,131961
10463,29614
11072,90045, 90909
11139,15315
11464,58238
11607,59796
11983,87728
12184,67977
13375,13402
14087,38813, 39674
14088,38815
14090,38816
14652,25126
15256,69304
15307,34960
15394,71912
15697,38369
16312,16941
16870,134126
17453,27628
18105,20225
19384,37896
20311,44064
22539,90485
22735,131171
28645,70800
28914,28918
28936,36181
29277,54552
29489,90094
30251,30513
31061,31077
32478,32681
32672,35219
37229,69336
37410,37449
37595,37603
38813,39674
39626,39627
40277,43746
45404,45409
45517,49302
47019,47022
49087,49088
50045,50046
50758,51792
50767,51791
52591,55016
52682,69098
53405,58436
55393,55394
56902,58448
57004,57005, 57007
57005,57007
58190,58510
58287,58312
58898,59526
60176,131243
66257,66260
66402,66403
67934,67938
68912,68914
69099,69101
69416,69879
70660,72762
74539,131283
80365,81266
84699,90292
87045,87046
87784,87785
88496,88497, 88498
88497,88498
88531,90496
90045,90909
90222,90408
131511,131987
